43
09
21
48
17
70
94
95
13
98
50
24
29
32
79
12
28
96
72
46
38
23
05
73
16
00
76
78
85
12
30
86
51
80
69
42
63
82
07
34
88
83
56, 48.29
74, 50.78
33, 52.08
60, 53.58
44, 55.15
27, 56.81
77, 58.34
03, 59.64
55, 62.00
66, 63.16
49, 65.48
84, 67.39
45, 69.54
59
64
36
52
31
93
04
37
87
25
26
47
58, 77.88
41, 78.42
06, 79.71
92, 83.33
14, 85.60
10, 86.83
11, 88.18
02, 89.78
19, 91.38
90, 93.85
53, 99.86
57, 100.42
54, 101.89
62, 103.19
68, 104.21
67, 104.90
75, 105.36
81, 105.78
30, 
15, 109.04
71, 111.94
39, 112.65
20
65
40, 114.23
08
22
89
18 
91, 116.79
61
35
97
99, 118.02
